ODOMETRY 0.100692392654 0.100072845247 0.000171392857486
SENSOR 1 1.89645381418 0.374031885671
SENSOR 2 3.85367751107 1.51951017943
ODOMETRY 0.0993660353102 0.0999680211112 -0.000241341506349
SENSOR 1 1.8392269046 0.248025655056
SENSOR 2 3.91387355108 1.39726707495
ODOMETRY 0.0997056655583 0.0998689792349 -0.00063038520325
SENSOR 1 1.95242998215 0.190384949464
SENSOR 2 3.99572623685 1.23735748531
ODOMETRY 0.100542922706 0.0999857088967 -0.000289223655712
SENSOR 1 1.79438369627 0.0927032588644
SENSOR 2 3.78308817367 1.19985626141
ODOMETRY 0.0991669378227 0.100014251663 -0.000213868345254
SENSOR 1 1.89433839862 0.0496169617486
SENSOR 2 3.98095022809 1.1808537684
ODOMETRY 0.0987800697802 0.100051511776 0.00105306255108
SENSOR 1 1.62690304854 -0.175935400135
SENSOR 2 3.73995327391 1.12303891967
ODOMETRY 0.0999897109072 0.0999788890169 0.00108487476773
SENSOR 1 1.46980065627 -0.311440125123
SENSOR 2 4.04368889117 0.949988562016
ODOMETRY 0.0995939036655 0.0997722121438 7.30021435545e-06
SENSOR 1 1.3626892288 -0.352615788582
SENSOR 2 3.75368241349 0.933090163977
ODOMETRY 0.1001269468 0.0996775968077 0.00113216234338
SENSOR 8 4.94061207625 -0.301846585866
SENSOR 1 1.28162752621 -0.435498889609
SENSOR 2 3.67624900839 0.837971522631
ODOMETRY 0.101933131097 0.100035451391 0.000237528350557
SENSOR 8 4.86443258389 -0.410318920005
SENSOR 1 1.35396314646 -0.618276513687
SENSOR 2 3.52075052213 0.713285994564
ODOMETRY 0.0995249967075 0.0999629034777 -0.000310935478365
SENSOR 8 4.70957270205 -0.605177431616
SENSOR 1 1.21729853226 -0.710125222556
SENSOR 2 3.55199624089 0.767451503155
ODOMETRY 0.050434051297 0.0999963767732 3.034632107e-05
SENSOR 8 4.66140721164 -0.575609949336
SENSOR 1 0.915557185905 -0.954555560995
SENSOR 2 3.61294608181 0.696680092003
ODOMETRY 0.0988725701548 0.0997438336197 -0.000107646183884
SENSOR 8 4.48616430137 -0.748854078601
SENSOR 1 1.13889039427 -1.06504750902
SENSOR 2 3.34926342406 0.639624528161
ODOMETRY 0.0999651422821 0.0999079812294 -0.000376956702336
SENSOR 8 4.58906422013 -0.875799694856
SENSOR 1 0.915825384427 -1.17299134764
SENSOR 2 3.41116570184 0.455534904649
ODOMETRY 0.0982956875027 0.0997272518582 0.000405145424853
SENSOR 8 4.61275431929 -1.03036789246
SENSOR 1 0.887823725247 -1.43634864396
SENSOR 2 3.17754996984 0.411546209355
ODOMETRY 0.0992139919417 0.100182591786 0.00045457971369
SENSOR 8 4.46650949116 -1.14336840301
SENSOR 1 1.0096130942 -1.6874763441
SENSOR 2 3.06901560439 0.320622035856
ODOMETRY 0.000315314153993 0.0998585257204 0.00028645231546
SENSOR 8 4.43208717365 -1.06106019026
SENSOR 1 1.02747993061 -1.6287301158
SENSOR 2 2.87903646055 0.315264421861
ODOMETRY -0.00106870344354 0.0999752199007 0.000607126518666
SENSOR 8 4.24954366434 -1.18414490139
SENSOR 1 1.07894745773 -1.73161196232
SENSOR 2 2.96915775183 0.350434056641
ODOMETRY 0.000113170756829 0.099920049551 -0.000104370293632
SENSOR 8 4.44361543647 -1.15678608265
SENSOR 1 1.08545601626 -1.93358401179
SENSOR 2 2.83194345877 0.397840688897
ODOMETRY -0.00110528038761 0.100064678435 0.000405492046339
SENSOR 8 4.27008974984 -1.13189209311
SENSOR 1 1.19244334703 -1.98687461088
SENSOR 2 2.67326414213 0.377371064192
ODOMETRY 0.000207889697575 0.100112508411 8.9460271268e-05
SENSOR 8 4.0514887124 -1.19249455899
SENSOR 1 1.25463644691 -2.06774791053
SENSOR 2 2.61891163863 0.382188161323
ODOMETRY -0.000481633508318 0.0999245158283 -0.000153421948134
SENSOR 8 4.16410091609 -1.24811562791
SENSOR 1 1.34557411388 -2.12986094314
SENSOR 2 2.57629284596 0.427846355392
ODOMETRY 0.00104434267591 0.099850530935 0.000395886130747
SENSOR 8 4.22882036818 -1.16410763775
SENSOR 1 1.16041712538 -2.23723073569
SENSOR 2 2.40999990311 0.544515249977
ODOMETRY -0.000134786896182 0.10010376629 -5.23313851368e-05
SENSOR 8 4.21286144737 -1.309222805
SENSOR 1 1.37975143956 -2.28521495437
SENSOR 2 2.34100960821 0.447795192721
ODOMETRY -0.000536267400689 0.0998612854862 -0.00155000044431
SENSOR 8 3.9237606331 -1.31719841757
SENSOR 1 1.40379191691 -2.29486089527
SENSOR 2 1.99413627035 0.532188648766
ODOMETRY 0.000725590203339 0.100099544096 -0.000502192537738
SENSOR 8 4.04848727457 -1.32761427156
SENSOR 1 1.39374657335 -2.34940161946
SENSOR 2 2.10456000859 0.460769117204
SENSOR 7 5.05490023327 -0.935291362329
ODOMETRY 0.000167814075902 0.100128096098 -0.00101356835322
SENSOR 8 4.09990206205 -1.3003798587
SENSOR 1 1.38980799151 -2.39956512637
SENSOR 2 1.93351034071 0.519781969172
SENSOR 3 4.89582296817 -0.167951830599
SENSOR 7 5.0329492404 -0.858809047237
ODOMETRY -0.000325271880878 0.099912066366 4.12721211267e-05
SENSOR 8 3.97852034024 -1.28687439692
SENSOR 1 1.8339661764 -2.40279377194
SENSOR 2 1.83809966695 0.549721458171
SENSOR 3 4.75671926674 -0.2228184724
SENSOR 7 4.76583423642 -1.01387015563
ODOMETRY -0.000318951453736 0.100072489482 0.000360273315143
SENSOR 8 4.09684518907 -1.50553356093
SENSOR 1 1.61456635179 -2.41023693939
SENSOR 2 2.07741743821 0.551304484607
SENSOR 3 4.79231252258 -0.160428183691
SENSOR 7 4.89997743801 -0.801880503226
ODOMETRY -0.000441099621257 0.0999548283634 -0.000606000109181
SENSOR 8 4.13488707488 -1.50995001006
SENSOR 1 1.67485056989 -2.54993678197
SENSOR 2 1.84394689206 0.7122808762
SENSOR 3 4.74312929513 -0.288187894456
SENSOR 7 4.74991937893 -0.982202512502
ODOMETRY 0.000265204606033 0.0999448320703 -0.00015563076982
SENSOR 8 4.23254702222 -1.48992810919
SENSOR 1 1.77942022864 -2.51124411924
SENSOR 2 1.63326283084 0.655588363023
SENSOR 3 4.47852619942 -0.175189163913
SENSOR 7 4.67910541374 -0.97132258074
ODOMETRY -0.000697093275823 0.0999115804655 8.07338228751e-05
SENSOR 8 4.02556656609 -1.49473388142
SENSOR 1 1.86507122647 -2.51540223641
SENSOR 2 1.64826687343 0.696297873748
SENSOR 3 4.47578462493 -0.111196149481
SENSOR 7 4.59045489149 -1.09870372988
ODOMETRY 0.00025393619452 0.0999287504606 -0.000766033924618
SENSOR 8 4.01864899298 -1.4683250506
SENSOR 1 1.98730471353 -2.59638531127
SENSOR 2 1.65000679398 0.735231982169
SENSOR 3 4.44563120729 -0.204120826452
SENSOR 7 4.35176544898 -1.12326966993
ODOMETRY 0.000325730806551 0.100113738847 0.000100828256296
SENSOR 8 4.05037626301 -1.56771641843
SENSOR 1 2.20267738789 -2.55872302709
SENSOR 2 1.48944970744 0.695234988306
SENSOR 3 4.32934444719 -0.242211674678
SENSOR 7 4.62590611443 -1.13051251275
ODOMETRY 0.000599982695766 0.0999026506085 0.00034529045237
SENSOR 8 4.06601250098 -1.5359081852
SENSOR 1 2.21924456589 -2.68507279696
SENSOR 2 1.42970633012 0.776324200264
SENSOR 3 4.12029736865 -0.187370933174
SENSOR 7 4.59676682202 -1.05719358446
ODOMETRY 0.000491941013225 0.0999972503292 0.000241060816315
SENSOR 8 3.98224909545 -1.59021423137
SENSOR 1 2.22188668501 -2.65730493696
SENSOR 2 1.45873984287 0.849825512158
SENSOR 3 4.08807901473 -0.227842898637
SENSOR 7 4.55344978099 -1.1209637088
ODOMETRY -0.00052947790912 0.09992336192 -0.000350627563731
SENSOR 8 4.01240484719 -1.49185509179
SENSOR 1 2.53249465555 -2.75503618314
SENSOR 2 1.24987119397 0.887005041617
SENSOR 3 3.88817029071 -0.228945018932
SENSOR 7 4.34041657777 -1.15323088443
ODOMETRY -0.000368179331549 0.100013578885 7.1232280884e-06
SENSOR 8 3.89752863814 -1.69847502024
SENSOR 1 2.37233951659 -2.74104327855
SENSOR 2 1.13325902817 0.957845831544
SENSOR 3 3.96923092624 -0.201305817259
SENSOR 7 4.27723555308 -1.18964285668
ODOMETRY 0.000176265446047 0.100182431305 0.000130080052303
SENSOR 8 4.09626456554 -1.58817619526
SENSOR 1 2.67667386847 -2.78653201707
SENSOR 2 1.36252252136 1.11340576708
SENSOR 3 3.77274890847 -0.240313338025
SENSOR 7 4.27139056443 -1.12743793884
ODOMETRY -8.9695363591e-05 0.0999125332318 -0.000635549807454
SENSOR 8 4.08812340568 -1.77867936684
SENSOR 1 2.48705993979 -2.73431572595
SENSOR 2 1.20206923035 1.10557696678
SENSOR 3 3.72864500517 -0.20038413969
SENSOR 7 4.26186818987 -1.23015038519
ODOMETRY 0.000242903141219 0.0999836460138 0.000303400170612
SENSOR 8 4.14543345133 -1.74414265021
SENSOR 1 2.82392605711 -2.73858933103
SENSOR 2 1.14044768442 1.1554891918
SENSOR 3 3.57778074581 -0.259502917745
SENSOR 7 4.3634440484 -1.2289775981
ODOMETRY -0.000166044676493 0.100011763048 5.36758260227e-05
SENSOR 8 4.09784680266 -1.68412198271
SENSOR 1 2.90330400679 -2.7508377549
SENSOR 2 1.04701751791 1.2703614604
SENSOR 3 3.23386531653 -0.241817737136
SENSOR 7 4.08116005573 -1.19382689942
ODOMETRY 0.000384608069295 0.100020772433 -0.000361242316348
SENSOR 8 3.97821893187 -1.70492895273
SENSOR 1 2.87727699404 -2.85653377507
SENSOR 2 1.13293080052 1.28684756922
SENSOR 3 3.59043075753 -0.264634037769
SENSOR 7 4.1196922439 -1.23333080616
ODOMETRY 0.00108320652562 0.099904628485 -0.000457426876205
SENSOR 8 4.01572565749 -1.70906095728
SENSOR 1 3.11559823004 -2.80526219896
SENSOR 2 1.12063665609 1.54026413151
SENSOR 3 3.31177004524 -0.336869173965
SENSOR 7 4.25056129249 -1.28603183978
ODOMETRY -0.000576113006265 0.0999297830808 -0.000254350251618
SENSOR 8 3.94982317066 -1.78210056892
SENSOR 1 3.17614159869 -2.76885888105
SENSOR 2 0.978829565422 1.58154094318
SENSOR 3 3.30250542717 -0.245586464087
SENSOR 7 4.07708106993 -1.26474960261
ODOMETRY 0.000431140327013 0.0999778944833 0.000460943686562
SENSOR 8 4.26552618192 -1.82936134005
SENSOR 1 3.32747050436 -2.92556096484
SENSOR 2 1.0560711967 1.64206912858
SENSOR 3 3.31598508268 -0.301169614259
SENSOR 7 3.9573154535 -1.36372893386
ODOMETRY -0.000380053573696 0.099988525243 -0.000382041995361
SENSOR 8 4.15295491973 -1.88154116143
SENSOR 1 3.1565453914 -2.90299959988
SENSOR 2 0.933597498189 1.74719174081
SENSOR 3 3.02974642015 -0.341124552878
SENSOR 7 4.22737468858 -1.3662020499
ODOMETRY -0.000118648653027 0.100013827019 4.653072789e-05
SENSOR 8 4.16855627045 -1.8716724584
SENSOR 1 3.51973687175 -2.81328624695
SENSOR 2 1.10047430275 1.86784324382
SENSOR 3 2.88981146359 -0.342062011609
SENSOR 7 3.96531850339 -1.43639165417
ODOMETRY -4.47333974959e-05 0.0999327905769 0.000397510718911
SENSOR 8 4.07754672994 -1.79637584071
SENSOR 1 3.42114476694 -2.83348039534
SENSOR 2 1.11452915788 1.93335101936
SENSOR 3 2.90937127113 -0.361980412151
SENSOR 7 3.96041358742 -1.5084616176
ODOMETRY -0.000695764185454 0.100063430187 0.000551971578808
SENSOR 8 4.18153105263 -1.94705482308
SENSOR 1 3.64904379932 -2.90068435297
SENSOR 2 1.04418409491 2.08246814185
SENSOR 3 2.58914097653 -0.407835138436
SENSOR 7 3.95814128743 -1.43374962913
ODOMETRY -0.000227432447331 0.100161265946 -0.000287906661043
SENSOR 8 4.17979369755 -1.9352423545
SENSOR 1 3.5924548137 -2.85818640638
SENSOR 2 1.32393377005 2.07958067595
SENSOR 3 2.47978596671 -0.385066601888
SENSOR 7 4.00512169111 -1.45243010304
ODOMETRY 0.000346556185682 0.100014247113 -0.000463032274568
SENSOR 8 4.14806900044 -1.86728001679
SENSOR 1 3.72929944338 -2.84330366322
SENSOR 2 1.28380708274 2.09382830898
SENSOR 3 2.49145926698 -0.365895629986
SENSOR 7 4.01142765895 -1.42716516972
ODOMETRY -0.000576282846403 0.0999515589693 -0.0003776391395
SENSOR 8 4.27857283754 -1.94695062886
SENSOR 1 3.85462109539 -2.91195816202
SENSOR 2 1.38351236744 2.3096930755
SENSOR 3 2.24139730011 -0.323370667048
SENSOR 7 3.93072996485 -1.45594575527
ODOMETRY -0.000637454792689 0.100100124624 -0.000295737925696
SENSOR 8 4.21215333272 -1.94395833947
SENSOR 1 3.93683271517 -2.8846858204
SENSOR 2 1.49276050842 2.31245854348
SENSOR 3 2.40548189912 -0.367965244121
SENSOR 7 4.00123070712 -1.46876999132
ODOMETRY -0.000643499526837 0.100066677455 0.000108995709022
SENSOR 8 4.57922303658 -1.99968478503
SENSOR 1 4.05805373137 -2.93639113845
SENSOR 2 1.7154898604 2.33794060336
SENSOR 3 1.9739934233 -0.324172962093
SENSOR 7 3.77953495289 -1.48926515222
ODOMETRY -0.000644877798251 0.100091624076 0.00025257620938
SENSOR 8 4.44929437942 -1.99163284306
SENSOR 1 4.14964374097 -2.89273854068
SENSOR 2 1.56408815136 2.43983650301
SENSOR 3 2.2405265138 -0.454362988157
SENSOR 7 3.95781924502 -1.55061406197
ODOMETRY 4.43361007224e-05 0.0999804901421 -0.000293691154065
SENSOR 8 4.63387778405 -2.10966087946
SENSOR 1 4.35757961181 -2.88510852211
SENSOR 2 1.75680654969 2.40676255608
SENSOR 3 1.99581070444 -0.511959810977
SENSOR 7 4.01357117106 -1.62567254523
ODOMETRY -0.000288658510205 0.10002967403 -0.000289780889291
SENSOR 8 4.4109728843 -2.07050168852
SENSOR 1 4.39098512272 -2.93231432718
SENSOR 2 1.70456498964 2.44771068441
SENSOR 3 1.98165304416 -0.473946408337
SENSOR 7 4.06454186495 -1.61299698248
ODOMETRY -7.46697086557e-06 0.0998138252879 0.000101841708295
SENSOR 8 4.5782927056 -2.15742835684
SENSOR 1 4.4610241313 -2.88918443438
SENSOR 2 1.71577812279 2.47247393515
SENSOR 3 1.85168994348 -0.596041647534
SENSOR 7 4.04255274891 -1.56140198034
ODOMETRY -0.00011020735582 0.100003735005 -0.000264237459579
SENSOR 8 4.64561559444 -2.15706775395
SENSOR 1 4.46244726027 -2.93990413618
SENSOR 2 2.02349184712 2.52854493029
SENSOR 3 1.85159562268 -0.588222757019
SENSOR 7 3.91631976412 -1.61302941388
ODOMETRY -0.000214220254654 0.100008780048 -5.81033558743e-05
SENSOR 8 4.77319291202 -2.05280888097
SENSOR 1 4.54865829426 -2.91171896239
SENSOR 2 1.77175245335 2.62126864398
SENSOR 3 1.71560774653 -0.597828285157
SENSOR 7 4.20236970891 -1.59269525571
ODOMETRY 0.000107237215366 0.0998124643796 -0.000689225989492
SENSOR 8 4.80394544444 -2.11719409812
SENSOR 1 4.87007519459 -2.88062728779
SENSOR 2 1.86833034173 2.61142810221
SENSOR 3 1.52910206967 -0.639537834367
SENSOR 7 4.16058687684 -1.66945960224
ODOMETRY -7.90218244308e-05 0.100084714033 -0.000506795718692
SENSOR 8 4.77687086292 -2.23729658385
SENSOR 1 4.98759304292 -2.95996159031
SENSOR 2 2.07093487137 2.60737199386
SENSOR 3 1.64934328152 -0.641285498669
SENSOR 7 3.90040997937 -1.78547416941
ODOMETRY 0.000470436708824 0.100008041279 -8.30695250725e-05
SENSOR 8 4.90465148938 -2.17361926679
SENSOR 1 5.12512561895 -2.87009823241
SENSOR 2 2.22351445926 2.56394557192
SENSOR 3 1.2784437993 -0.67996480228
SENSOR 7 4.14727416591 -1.73730721031
ODOMETRY -0.000411460595538 0.0998783894792 -0.000558440508606
SENSOR 8 4.83770071516 -2.2444833775
SENSOR 9 4.86534405268 -0.837077166317
SENSOR 2 2.17919416853 2.67418728442
SENSOR 3 1.28222798929 -0.804278547703
SENSOR 7 4.00842562182 -1.79607116219
ODOMETRY -0.00037559657213 0.100101567727 2.58272227007e-05
SENSOR 8 5.09698232078 -2.23642180067
SENSOR 9 4.92923413981 -0.953372156124
SENSOR 2 2.33292842201 2.71325756602
SENSOR 3 1.39970518982 -0.779539367623
SENSOR 7 4.08501994411 -1.82128548131
ODOMETRY 0.000735924583522 0.0999620237442 0.000451073148313
SENSOR 9 4.82751418424 -0.929876773628
SENSOR 2 2.47601000848 2.74394342484
SENSOR 3 1.30654384762 -0.84151052736
SENSOR 7 3.96854674781 -1.91306154574
ODOMETRY -0.000194363860897 0.0998614440599 1.33622389656e-05
SENSOR 9 4.73629694718 -0.905721574736
SENSOR 2 2.42894519269 2.72856416362
SENSOR 3 1.18856080314 -0.92960492156
SENSOR 7 4.11370244337 -1.83171738281
ODOMETRY -0.000303180119874 0.0998957042253 -9.96419975416e-05
SENSOR 9 4.71170509733 -1.03766191932
SENSOR 2 2.75047541282 2.71763833081
SENSOR 3 1.07011251321 -0.96391693736
SENSOR 7 4.06635638824 -1.89028687471
ODOMETRY -8.44701534359e-05 0.0998733372163 0.00030142073312
SENSOR 9 4.69516392536 -0.924529578761
SENSOR 2 2.72476011682 2.78501543054
SENSOR 3 1.04707196709 -0.976795398956
SENSOR 7 4.31049066095 -1.94883180693
ODOMETRY -2.07877244104e-05 0.100008245916 1.28264470998e-05
SENSOR 9 4.60412783819 -0.95508825772
SENSOR 2 2.81537932125 2.71485382503
SENSOR 3 1.184967868 -1.10272651486
SENSOR 7 4.43624029622 -1.92044590572
ODOMETRY -0.0100543870397 0.0998535621011 -0.0199333466408
SENSOR 9 4.45577155741 -1.03474956115
SENSOR 2 2.82124477224 2.7770932324
SENSOR 3 0.985411141959 -1.1220221092
SENSOR 7 4.13980400341 -2.00376814907
ODOMETRY -0.010941581469 0.0999047561529 -0.0203040575279
SENSOR 9 4.53373340081 -0.921148320018
SENSOR 2 3.06237154618 2.82817919004
SENSOR 3 1.09732418759 -1.17107255898
SENSOR 7 4.16000174868 -1.87430197444
ODOMETRY -0.0105067136208 0.10011828326 -0.0198908926909
SENSOR 9 4.55968430815 -0.940185371691
SENSOR 2 3.0797401372 2.95104020539
SENSOR 3 1.01572711277 -1.33461036228
SENSOR 7 4.28688498006 -1.97004465311
ODOMETRY -0.00977662234613 0.0997997895789 -0.0207354127636
SENSOR 9 4.27323705033 -1.03063356782
SENSOR 2 3.1548426034 2.9477508812
SENSOR 3 0.897180340247 -1.32297076451
SENSOR 7 4.36299993263 -1.91477021803
ODOMETRY -0.00978359199265 0.0998487795903 -0.0198857199063
SENSOR 9 4.25011716741 -1.00119493169
SENSOR 2 3.37580501087 2.98065337753
SENSOR 3 1.07317634452 -1.47273653049
SENSOR 7 4.41550341192 -1.94149050052
ODOMETRY -0.00985713954785 0.0999689917376 -0.0181084313516
SENSOR 9 4.07503019256 -0.922681871632
SENSOR 2 3.37806521415 3.06542466755
SENSOR 3 0.94023203396 -1.57108208019
SENSOR 7 4.30877475205 -1.90424478087
ODOMETRY -0.0100251236366 0.100026525524 -0.0200350242946
SENSOR 9 4.31280451698 -0.882911594955
SENSOR 2 3.29269176925 3.07576260028
SENSOR 3 0.849339607968 -1.67080087314
SENSOR 7 4.63328536579 -1.78339120945
ODOMETRY -0.00991218722561 0.0999674563521 -0.0202551578506
SENSOR 9 4.10788671953 -0.895711110725
SENSOR 2 3.53916354982 3.06149752189
SENSOR 3 0.825262546731 -1.76759326654
SENSOR 7 4.5362195696 -1.79434424135
ODOMETRY -0.0107748533038 0.100052568407 -0.0192272514854
SENSOR 9 4.10049705621 -0.851898016995
SENSOR 2 3.71372973593 3.08237052945
SENSOR 3 0.936503365445 -1.81785755662
SENSOR 7 4.42573017612 -1.95477114322
ODOMETRY -0.0112041078512 0.100070858497 -0.0195753528241
SENSOR 9 4.01671369222 -0.941827280531
SENSOR 2 3.80761185202 3.2111162053
SENSOR 3 0.942040436435 -1.81841048713
SENSOR 7 4.37170001914 -1.83937156668
ODOMETRY -0.0100201839753 0.0999780744921 -0.0208659877975
SENSOR 9 4.01042522205 -0.933726978789
SENSOR 2 3.84228745372 -3.09478177534
SENSOR 3 0.897045994591 -2.00004178781
SENSOR 7 4.4847023311 -1.88757500019
ODOMETRY -0.0104413696052 0.10004882362 -0.019901735037
SENSOR 9 3.93976758676 -0.853158704487
SENSOR 2 3.82637730189 -3.1044429949
SENSOR 3 0.98416594268 -2.13095088822
SENSOR 7 4.49293264292 -1.80575928287
ODOMETRY -0.00999136667331 0.100019554261 -0.0195316145606
SENSOR 9 3.75038296908 -0.804634872741
SENSOR 2 4.00237956809 -3.10662237243
SENSOR 3 1.11497662888 -1.9758469938
SENSOR 7 4.66190734092 -1.83434994325
ODOMETRY -0.0101258077626 0.0999535184171 -0.0187252041543
SENSOR 9 3.74614502812 -0.881017474611
SENSOR 2 4.09363234617 -3.04452865866
SENSOR 3 1.00343968638 -2.10578256766
SENSOR 7 4.57015482036 -1.80058626159
ODOMETRY -0.0111455493399 0.100028826239 -0.0202289204378
SENSOR 9 3.92321861998 -0.828827137722
SENSOR 2 4.16278419305 -3.12917355375
SENSOR 3 1.24309789958 -2.09365313838
SENSOR 7 4.70359508116 -1.74955203836
ODOMETRY -0.00870887844034 0.0999963291964 -0.0208592166869
SENSOR 9 3.49814821047 -0.739398550477
SENSOR 2 4.37789812171 -2.92914579213
SENSOR 3 1.22564490154 -2.28228093783
SENSOR 7 4.68813245199 -1.82811732973
ODOMETRY -0.0100769116967 0.0996706689111 -0.0197492755994
SENSOR 9 3.59622589891 -0.868575059612
SENSOR 2 4.56445039242 -2.89034059104
SENSOR 3 1.27114755175 -2.20843121237
SENSOR 7 4.59347780206 -1.82103956726
ODOMETRY -0.00910917399571 0.099854807219 -0.019938100694
SENSOR 9 3.55743517514 -0.726598779483
SENSOR 2 4.56216756408 -2.88222285744
SENSOR 3 1.26612375076 -2.30172533959
SENSOR 7 4.95459107337 -1.74229272158
ODOMETRY -0.00888366356367 0.0999840821955 -0.0208119959013
SENSOR 9 3.48823841612 -0.830563795909
SENSOR 2 4.55241025277 -2.90055168191
SENSOR 3 1.35377054141 -2.36374248778
SENSOR 7 4.68715713123 -1.68457713904
ODOMETRY -0.00998376134635 0.0997353983332 -0.0200063904136
SENSOR 9 3.2900229096 -0.832670826271
SENSOR 2 4.72649495932 -2.78239430741
SENSOR 3 1.60939324263 -2.30652586101
SENSOR 7 4.72017606175 -1.78599018686
ODOMETRY -0.0104071463659 0.0999331067581 -0.0197625129617
SENSOR 9 3.13608997403 -0.753514586885
SENSOR 2 4.75129838641 -2.85263041074
SENSOR 3 1.62027857145 -2.26104212212
SENSOR 7 4.82234093445 -1.72387267103
ODOMETRY -0.00927296900637 0.0998721744861 -0.0212187859583
SENSOR 9 3.03897302589 -0.694635744426
SENSOR 2 5.00476218121 -2.8429364104
SENSOR 3 1.53476149296 -2.40311847953
SENSOR 7 4.85213460514 -1.78275322951
ODOMETRY -0.0107631889038 0.100015293807 -0.0192355092533
SENSOR 9 3.1525572336 -0.575356980114
SENSOR 3 1.73598100354 -2.42098327974
SENSOR 7 4.84307304455 -1.67534078972
ODOMETRY -0.00970135219902 0.0999596510594 -0.0197965645616
SENSOR 9 3.15514078755 -0.713393720969
SENSOR 3 1.78559637838 -2.43486556846
SENSOR 7 4.84628527736 -1.78104104063
ODOMETRY -0.0090941257507 0.100116593731 -0.0194326619145
SENSOR 9 3.13080182112 -0.798244651567
SENSOR 3 1.950980417 -2.37976663236
SENSOR 7 4.84816286772 -1.73289358835
ODOMETRY -0.0095276826001 0.0998996332917 -0.0189155199163
SENSOR 9 2.8259563296 -0.707676791636
SENSOR 3 1.7208576031 -2.30730848389
SENSOR 7 4.89328378418 -1.70899931557
ODOMETRY -0.0102645165523 0.100014629953 -0.0203664887501
SENSOR 9 3.09576494201 -0.783908642889
SENSOR 3 2.00714532689 -2.39114813827
SENSOR 7 5.00047006581 -1.73634688664
ODOMETRY -0.0101183422938 0.100389652865 -0.0198284163466
SENSOR 9 2.65350675705 -0.618917773894
SENSOR 3 1.86553822947 -2.43330620685
SENSOR 7 4.8726553114 -1.69224706321
ODOMETRY -0.00946199448273 0.100091591966 -0.0209413977527
SENSOR 9 2.71456698547 -0.753314907705
SENSOR 3 2.02640464094 -2.38657853037
SENSOR 7 5.00134903723 -1.70328757413
ODOMETRY -0.0103064240359 0.100093551562 -0.0197616448281
SENSOR 9 2.80475587919 -0.735588938604
SENSOR 3 2.23737609054 -2.38224462771
SENSOR 7 4.91207794035 -1.60323893222
ODOMETRY -0.0110657000322 0.0998532431165 -0.0193811264777
SENSOR 9 2.62887907459 -0.712870597668
SENSOR 3 2.27070144626 -2.25239173543
SENSOR 7 4.9931331952 -1.65845837813
ODOMETRY -0.0107917328401 0.100192646804 -0.0208555880972
SENSOR 9 2.53078099031 -0.745763649998
SENSOR 3 2.37327587291 -2.38485785635
SENSOR 7 4.81289713631 -1.68522038724
ODOMETRY -0.00943984981016 0.100176598763 -0.019515314597
SENSOR 9 2.39369074738 -0.606457440303
SENSOR 3 2.40682296597 -2.40591641186
SENSOR 7 4.97879853982 -1.68169972709
ODOMETRY -0.00994209234671 0.100040104865 -0.0195398431845
SENSOR 9 2.30072983069 -0.691780022532
SENSOR 3 2.41876286765 -2.41913028014
SENSOR 7 4.78892053145 -1.63472777862
ODOMETRY -0.0108382877592 0.100154315037 -0.0206776653912
SENSOR 9 2.28177199939 -0.720683121797
SENSOR 3 2.69115481699 -2.4045249458
SENSOR 7 4.93820758933 -1.67194464795
ODOMETRY -0.00983136559595 0.0998601737128 -0.019959445112
SENSOR 9 2.14867069253 -0.763448807551
SENSOR 3 2.70008706181 -2.3434330714
SENSOR 7 5.05184285538 -1.63997281136
ODOMETRY -0.0100819827998 0.10001391017 -0.0192319156442
SENSOR 9 2.18621280955 -0.702150866202
SENSOR 3 2.50197426809 -2.35309491348
SENSOR 7 5.06171994467 -1.59570763165
ODOMETRY -0.0103533614106 0.0998460659977 -0.0199640109232
SENSOR 9 2.09918927267 -0.768940902434
SENSOR 3 2.87427849074 -2.40534266364
SENSOR 7 5.12035133616 -1.6246099441
ODOMETRY -0.0103993332896 0.100176475628 -0.0202705215095
SENSOR 9 1.91043219256 -0.687108057581
SENSOR 3 2.83916271566 -2.36173216806
SENSOR 7 4.7745150816 -1.58513237083
ODOMETRY -0.00997387759205 0.10015352018 -0.0194411967024
SENSOR 9 1.98603464831 -0.698319574269
SENSOR 3 2.98279594094 -2.48048095068
SENSOR 7 4.80089733394 -1.56068900365
ODOMETRY -0.00955117452802 0.100139133754 -0.0199318742813
SENSOR 9 1.69541183677 -0.736431925749
SENSOR 3 3.05122176228 -2.33176133432
SENSOR 7 4.83264930769 -1.61916765591
ODOMETRY -0.0102460193413 0.100014607732 -0.0199645670587
SENSOR 9 1.55284588753 -0.741789749042
SENSOR 3 2.98071487891 -2.40116759624
SENSOR 7 5.06986702109 -1.53508898668
ODOMETRY -0.00931334997417 0.0997900728658 -0.020169095625
SENSOR 9 1.50479149162 -0.66439203138
SENSOR 3 3.28272635049 -2.24633828671
SENSOR 7 5.13428823528 -1.6015806159
ODOMETRY -0.00952647184148 0.100006984977 -0.0198364904272
SENSOR 9 1.38699823858 -0.763116231219
SENSOR 3 3.12664391246 -2.26496782495
SENSOR 7 4.99456456393 -1.49334463909
ODOMETRY -0.00968875877652 0.100031833446 -0.0199866778491
SENSOR 9 1.54456145993 -0.785339041473
SENSOR 3 3.32401448796 -2.29404157319
SENSOR 7 5.12910070097 -1.56674159864
ODOMETRY -0.0101821006565 0.100098898203 -0.0189718440847
SENSOR 9 1.30849401357 -0.79297973041
SENSOR 3 3.352620714 -2.29350159362
SENSOR 7 4.95103658706 -1.58323638733
ODOMETRY -0.0106339350405 0.0998976853197 -0.0211712446075
SENSOR 9 1.35212764859 -0.817385384794
SENSOR 3 3.29386159382 -2.25760266384
SENSOR 7 4.99402817175 -1.4607253184
ODOMETRY -0.00989703291838 0.0998918975041 -0.0192888636775
SENSOR 9 1.35500827902 -0.773334894855
SENSOR 3 3.56399260251 -2.36733074606
SENSOR 7 4.67546663807 -1.47820941531
ODOMETRY -0.0103008308314 0.100042233196 -0.0203862558708
SENSOR 9 1.10168717349 -0.73765014651
SENSOR 3 3.5694980196 -2.2011523925
SENSOR 7 4.80823761867 -1.49699717858
ODOMETRY -0.0104826622429 0.10023547087 -0.020032746036
SENSOR 9 1.07301286904 -0.857704703244
SENSOR 3 3.60899673841 -2.29259169777
SENSOR 7 5.01907825478 -1.44361927444
ODOMETRY -0.0102222393325 0.100141182462 -0.0207304954059
SENSOR 9 1.19181171052 -0.791739594231
SENSOR 3 3.69560757449 -2.28188677385
SENSOR 7 4.80213553555 -1.39927928711
ODOMETRY -0.000171196237409 0.100149309284 -0.00137613156608
SENSOR 9 0.98784530427 -1.07700306077
SENSOR 3 3.89250173754 -2.2091354377
SENSOR 6 4.85844492841 -0.467268320848
SENSOR 7 4.84783214359 -1.5136864022
ODOMETRY 0.000193934844597 0.099916117735 0.000355031104238
SENSOR 9 1.01180180454 -1.10315538284
SENSOR 3 3.98462637689 -2.36333927408
SENSOR 6 4.87674512792 -0.495752908436
SENSOR 7 5.02401787766 -1.55487565684
ODOMETRY -0.000320574658639 0.09996871818 -0.000192103835779
SENSOR 9 0.959476816507 -1.17289826711
SENSOR 3 3.79525088732 -2.26341600153
SENSOR 6 4.78554292045 -0.389581458105
SENSOR 7 4.8986940039 -1.44396818882
ODOMETRY -8.56755632007e-05 0.0998824880052 -0.00101814359668
SENSOR 9 0.916959859522 -1.33476223621
SENSOR 3 4.09894117744 -2.34101622774
SENSOR 6 4.6303059308 -0.470425253676
SENSOR 7 4.85860554795 -1.48632905665
ODOMETRY -0.000154900555713 0.100071857964 0.000489355772619
SENSOR 9 0.854589854797 -1.40262796995
SENSOR 3 4.07195738414 -2.33070538777
SENSOR 6 4.47876329117 -0.435331139133
SENSOR 7 4.8051013779 -1.53637378703
ODOMETRY 0.000487002641396 0.100137549788 -0.000444810739726
SENSOR 9 0.923150410553 -1.42816124795
SENSOR 3 4.08283351843 -2.41413120503
SENSOR 6 4.44223257453 -0.519468128292
SENSOR 7 4.95809263909 -1.5223578191
ODOMETRY -0.000562764935744 0.0999477263796 0.000126906344265
SENSOR 9 0.815860012803 -1.59788361847
SENSOR 3 4.12543629694 -2.44095308783
SENSOR 6 4.33547723816 -0.515172382521
SENSOR 7 4.88271665461 -1.62039073286
ODOMETRY 0.000374339429155 0.0999534696985 0.000276168833243
SENSOR 9 0.818505423324 -1.75126302164
SENSOR 3 4.26576414381 -2.48251892371
SENSOR 6 4.26700877501 -0.475534302561
SENSOR 7 5.0371117284 -1.61744958749
ODOMETRY 0.000312007270836 0.0998934970381 -0.000220776289027
SENSOR 9 0.749678436967 -1.83791613764
SENSOR 3 4.34599453777 -2.43473841059
SENSOR 6 4.1162949549 -0.461799302582
SENSOR 7 4.82165250066 -1.65708097216
ODOMETRY 0.000268088391923 0.100055780841 -0.000685102580661
SENSOR 9 0.930438398075 -1.96542230397
SENSOR 3 4.23357855894 -2.40678664559
SENSOR 6 4.08460955376 -0.493943355793
SENSOR 7 4.62335020262 -1.61986126252
ODOMETRY -0.000229171668157 0.0998870396961 0.000570127769429
SENSOR 9 1.15579374036 -1.99590649834
SENSOR 3 4.58971574101 -2.50772745327
SENSOR 6 4.03032806985 -0.454773444475
SENSOR 7 4.76943907489 -1.73628239476
ODOMETRY -0.000893155813621 0.099995485063 -7.53327138877e-05
SENSOR 9 1.03708360649 -2.18891832363
SENSOR 3 4.42106327643 -2.53232874359
SENSOR 6 4.04144118791 -0.52289122395
SENSOR 7 5.04454086206 -1.74102440591
ODOMETRY 0.000324785496261 0.0998707427938 -0.000530544350105
SENSOR 9 1.0922203895 -2.17334160268
SENSOR 3 4.47145069529 -2.48843372495
SENSOR 6 3.85350552153 -0.565879666351
SENSOR 7 5.02373106321 -1.6885239765
ODOMETRY -0.000959659148265 0.100031555244 0.000168498458855
SENSOR 9 1.16381880968 -2.22705064562
SENSOR 3 4.90372676756 -2.44382559941
SENSOR 6 3.97095430535 -0.451193367051
SENSOR 7 4.97268901645 -1.6445168633
ODOMETRY 0.000151543815914 0.0999766757463 0.000647787320018
SENSOR 9 1.14403098335 -2.40831324897
SENSOR 3 4.82967166889 -2.53820788876
SENSOR 6 3.76250814799 -0.486442630498
SENSOR 7 4.9151806765 -1.71089381478
ODOMETRY 0.00010471463926 0.0998108753744 4.94897891065e-06
SENSOR 9 1.35824236968 -2.42921865459
SENSOR 3 4.9347049681 -2.52820125787
SENSOR 6 3.65579001395 -0.547185289094
SENSOR 7 4.72194053204 -1.73724737536
ODOMETRY -0.000183562386947 0.099946706206 0.000537634537415
SENSOR 9 1.37617536797 -2.50793481698
SENSOR 3 4.89829837837 -2.55004775889
SENSOR 6 3.59295646365 -0.617105709844
SENSOR 7 4.73233612829 -1.80338462982
ODOMETRY 0.000109986034333 0.0999176327051 0.000286835360562
SENSOR 9 1.51704327947 -2.447600661
SENSOR 6 3.46512160202 -0.676668855079
ODOMETRY -0.000296879409118 0.0998965112378 0.000243738852306
SENSOR 9 1.57414922491 -2.49444747088
SENSOR 6 3.31379664958 -0.599407864924
ODOMETRY -0.000367559834997 0.0999056718386 0.000270397932673
SENSOR 9 1.5727811676 -2.54229513547
SENSOR 6 3.34504127973 -0.607810220963
ODOMETRY -0.0103324820141 0.10002376502 -0.0207691197711
SENSOR 9 1.62460322328 -2.57357148239
SENSOR 6 3.20039150525 -0.599410674496
ODOMETRY -0.0100473024041 0.100103721065 -0.0195291533589
SENSOR 9 1.93258897976 -2.56263980657
SENSOR 6 3.07626895656 -0.589070330167
ODOMETRY -0.0106017974861 0.100152501689 -0.0202336540309
SENSOR 9 1.73116555452 -2.60688827115
SENSOR 6 2.99884246503 -0.635475549856
ODOMETRY -0.0105082673746 0.0999199959 -0.0194746160376
SENSOR 9 1.95607585519 -2.58347727941
SENSOR 6 3.06007584303 -0.669291725835
ODOMETRY -0.00971951565313 0.0999399183043 -0.0197799726251
SENSOR 9 2.0664678475 -2.54054464638
SENSOR 6 2.7260947492 -0.581451078876
ODOMETRY -0.0102679152226 0.0998120603912 -0.0197641102368
SENSOR 9 2.20495642911 -2.59605281093
SENSOR 6 2.8654997443 -0.596113775546
ODOMETRY -0.00953197484934 0.0999856509631 -0.0186412891557
SENSOR 9 2.31519515976 -2.45972833916
SENSOR 6 2.68344115056 -0.598532015688
ODOMETRY -0.0105828646917 0.0998638926058 -0.0185970948737
SENSOR 9 2.12327495466 -2.45865679782
SENSOR 6 2.79024886169 -0.56601441603
ODOMETRY -0.00912453136003 0.0997250593844 -0.0207414841151
SENSOR 9 2.44452340503 -2.52414150293
SENSOR 6 2.44010819678 -0.565033682779
ODOMETRY -0.0103400072802 0.100013128155 -0.0204755861959
SENSOR 9 2.4262226696 -2.53921562266
SENSOR 6 2.38894403681 -0.444960953646
ODOMETRY -0.00910186118911 0.0998950148053 -0.019874488467
SENSOR 9 2.54764791159 -2.638098412
SENSOR 6 2.19444632484 -0.51048621433
ODOMETRY -0.0103211461233 0.0999844693035 -0.0194831672181
SENSOR 9 2.59879511211 -2.48707190993
SENSOR 6 2.24992824396 -0.493265918808
ODOMETRY -0.0103571897349 0.0999434633672 -0.0212360507988
SENSOR 9 2.55103352874 -2.52406725771
SENSOR 6 2.0739702811 -0.508828293155
ODOMETRY -0.0099590074954 0.100116480632 -0.0197261986238
SENSOR 9 2.65132131375 -2.46860722472
SENSOR 6 2.14026161961 -0.452190897192
ODOMETRY -0.0107977996633 0.100050608826 -0.0198428119868
SENSOR 9 2.81888731675 -2.52136696947
SENSOR 6 2.09206625868 -0.435455647231
ODOMETRY -0.00974270770279 0.100184112418 -0.0199341892907
SENSOR 9 2.97278438036 -2.47991428604
SENSOR 6 1.96881196248 -0.422209248975
ODOMETRY -0.00988069851183 0.0998335368771 -0.0205842282987
SENSOR 9 2.85850852108 -2.41598313753
SENSOR 5 4.9384939641 -0.619277748179
SENSOR 6 1.7476143839 -0.598590154865
ODOMETRY -0.0110410416646 0.0999838016709 -0.0203707918942
SENSOR 9 3.15008542748 -2.37064609538
SENSOR 5 4.90808978421 -0.514541763504
SENSOR 6 1.89208685869 -0.453339578337
ODOMETRY -0.0100139548791 0.100060450235 -0.0207207182297
SENSOR 9 3.09818978078 -2.50726126971
SENSOR 5 4.77329770452 -0.615434511995
SENSOR 6 1.60575500709 -0.405713235395
ODOMETRY -0.00946678839127 0.0999459687168 -0.0204541351008
SENSOR 9 3.45519987191 -2.48444482349
SENSOR 5 4.70964907785 -0.611807624176
SENSOR 6 1.59143194728 -0.480817903333
ODOMETRY -0.0101056361966 0.100006752601 -0.0201734937547
SENSOR 9 3.24258183876 -2.47334698665
SENSOR 5 4.73721305764 -0.586789528216
SENSOR 6 1.43490364998 -0.50197841443
ODOMETRY -0.00962401155918 0.100044569542 -0.0195992387495
SENSOR 9 3.34322894068 -2.43500752598
SENSOR 5 4.45515289935 -0.485437183614
SENSOR 6 1.46615938332 -0.483337330369
ODOMETRY -0.0106193826188 0.099809341216 -0.0195731691083
SENSOR 9 3.48911454994 -2.41040890213
SENSOR 5 4.37307506722 -0.546359165482
SENSOR 6 1.35338654338 -0.493357133386
ODOMETRY -0.0102706972318 0.10010361338 -0.0198546960045
SENSOR 9 3.50025725748 -2.42106158797
SENSOR 5 4.37801879026 -0.506283703317
SENSOR 6 1.13707304219 -0.470177499204
ODOMETRY -0.00939906760097 0.0999915817686 -0.0210229702385
SENSOR 9 3.5466493959 -2.44137411615
SENSOR 5 4.27017017081 -0.539353815769
SENSOR 6 1.23093476983 -0.561887418862
ODOMETRY -0.0101157137141 0.100096171207 -0.0198023969071
SENSOR 9 3.81355876315 -2.38096534588
SENSOR 5 4.22988478408 -0.554696654439
SENSOR 6 1.06203824097 -0.518435557135
ODOMETRY -0.0100490993031 0.0999830129593 -0.0183721749668
SENSOR 9 3.82081325996 -2.41225150596
SENSOR 5 4.02470274273 -0.362680491982
SENSOR 6 1.097026908 -0.520830182586
ODOMETRY -0.0104499138751 0.0998488148779 -0.0199884995718
SENSOR 9 3.94126680036 -2.32429059593
SENSOR 5 3.82390610413 -0.43089333981
SENSOR 6 0.827037206663 -0.533098401321
ODOMETRY -0.0105257221491 0.100111299462 -0.0188815785014
SENSOR 9 4.04367388759 -2.41079749224
SENSOR 5 3.9363793953 -0.448863788071
SENSOR 6 1.00139907508 -0.636337277705
ODOMETRY -0.00986761939048 0.100029826401 -0.0201637732669
SENSOR 9 4.07860792508 -2.27919712824
SENSOR 5 3.80727993242 -0.373263932964
SENSOR 6 0.627689470578 -0.67623633541
ODOMETRY -0.00977735942099 0.0999482966755 -0.0200217473598
SENSOR 9 4.17631317603 -2.36120129487
SENSOR 5 3.73720202851 -0.491395432946
SENSOR 6 0.448859445156 -0.763507764521
ODOMETRY -0.0105928117795 0.0998350232819 -0.0202062648967
SENSOR 9 4.10163499239 -2.26306134791
SENSOR 5 3.72692166306 -0.368559866643
SENSOR 6 0.687750529848 -0.775794040429
ODOMETRY -0.0101497938444 0.0999437521924 -0.0205954170093
SENSOR 9 4.16496182485 -2.36005007509
SENSOR 5 3.54217386743 -0.410055568326
SENSOR 6 0.497410370789 -0.876053453173
ODOMETRY -0.00991358327865 0.0998829427507 -0.0195488368493
SENSOR 9 4.38085280023 -2.25137483846
SENSOR 5 3.45977543831 -0.305952964686
SENSOR 6 0.448694227304 -1.03329871399
ODOMETRY -0.00987372376955 0.10015715755 -0.0201931507232
SENSOR 9 4.40263141136 -2.31684438114
SENSOR 5 3.28212287188 -0.349145976327
SENSOR 6 0.436035252618 -1.21623674467
ODOMETRY -0.00963277235031 0.100152531171 -0.0208028621278
SENSOR 9 4.4400627685 -2.25883777941
SENSOR 5 3.34973304307 -0.341859090389
SENSOR 6 0.311175554121 -1.55667176188
ODOMETRY -0.0103250703643 0.100040973826 -0.0196991123256
SENSOR 9 4.52816874872 -2.29429014471
SENSOR 5 3.21985477272 -0.223525929359
SENSOR 6 0.43666879311 -1.77170085512
ODOMETRY -0.0101619347876 0.100056124397 -0.0194077042257
SENSOR 9 4.3557535542 -2.22139952533
SENSOR 5 3.09218401695 -0.303495331619
SENSOR 6 0.375625719719 -1.95042184823
ODOMETRY -0.00930007558791 0.100032411289 -0.0197382194567
SENSOR 9 4.63788143902 -2.2140331386
SENSOR 5 3.06927068564 -0.151345288068
SENSOR 6 0.441807938389 -2.15950803785
ODOMETRY -0.00964626424315 0.0999997189194 -0.0211624310528
SENSOR 9 4.71556658324 -2.23123606611
SENSOR 5 2.8280858125 -0.146505000923
SENSOR 6 0.490305903133 -2.23658081326
ODOMETRY -0.00923319104249 0.0999653680615 -0.020133310896
SENSOR 9 4.94203395214 -2.21673300061
SENSOR 5 2.74174617447 -0.178026978592
SENSOR 6 0.454181886303 -2.34855144921
ODOMETRY -0.00972936772261 0.0998064648725 -0.0205937769555
SENSOR 9 4.84315684471 -2.18615801317
SENSOR 5 2.65967487735 -0.151919186734
SENSOR 6 0.565607833485 -2.39147122648
ODOMETRY -0.00943896644475 0.099996104639 -0.0214993165768
SENSOR 9 4.76478073699 -2.19796903215
SENSOR 5 2.47674989401 -0.188613680882
SENSOR 6 0.642265130555 -2.4935209634
ODOMETRY -0.0104056121067 0.0998311054555 -0.0190766374826
SENSOR 9 4.93164357077 -2.13854365292
SENSOR 5 2.37818656662 -0.100606981788
SENSOR 6 0.795874810026 -2.53993532284
ODOMETRY -0.0098936311093 0.0999058282076 -0.0210631627649
SENSOR 9 5.02513635691 -2.19727848089
SENSOR 5 2.2614689338 -0.108364502216
SENSOR 6 0.95691978606 -2.61683439276
ODOMETRY -0.0102623470415 0.0998092516602 -0.0195739540724
SENSOR 9 4.93333087211 -2.07738501118
SENSOR 5 2.37140652398 -0.0514771069153
SENSOR 6 0.819293749032 -2.60025037053
ODOMETRY -0.0100765500802 0.100074306981 -0.0198798729516
SENSOR 5 2.21805403159 -0.154827519145
SENSOR 6 1.08884180984 -2.63344477306
ODOMETRY -0.00949761229864 0.0999196015216 -0.0198588296732
SENSOR 5 2.06399016924 -0.0467191142572
SENSOR 6 1.09394941593 -2.68373022785
ODOMETRY -0.010124413834 0.0998320253035 -0.0193692969393
SENSOR 5 1.87086933923 -0.00537219226427
SENSOR 6 1.23946107701 -2.69381882916
ODOMETRY -0.010371350546 0.100025781675 -0.0191030811477
SENSOR 4 4.92632036996 -0.278512991738
SENSOR 5 2.0112524722 0.106085277024
SENSOR 6 1.47840170885 -2.57720498001
ODOMETRY -0.0102842191321 0.100046380687 -0.0206623282668
SENSOR 4 4.8074679026 -0.270767204056
SENSOR 5 1.73826850416 0.0962762806771
SENSOR 6 1.43611062448 -2.6984778429
ODOMETRY -0.000133815906029 0.09998149995 0.00030121848242
SENSOR 4 4.65462890113 -0.320057148038
SENSOR 5 1.6555636328 0.0834468474761
SENSOR 6 1.53893764973 -2.74739983896
ODOMETRY 0.000174782543451 0.100061643464 -0.000372357727153
SENSOR 4 4.7452246795 -0.153362150121
SENSOR 5 1.63043561672 0.11083109459
SENSOR 6 1.5578493366 -2.78519378171
ODOMETRY -0.000372880037633 0.0999952264689 -0.000902539224352
SENSOR 4 4.36558640124 -0.238331512606
SENSOR 5 1.52952625118 0.105106116307
SENSOR 6 1.60086339988 -2.70651083593
SENSOR 7 5.07214983109 -1.32756516575
ODOMETRY 6.49323692067e-05 0.0999028216266 -7.26364757458e-05
SENSOR 4 4.36526078731 -0.188569073243
SENSOR 5 1.45389990453 0.0559450107647
SENSOR 6 1.88119332362 -2.71708769482
SENSOR 7 4.80904282826 -1.37057134771
ODOMETRY 0.000689729320885 0.100010336794 -0.000784311821475
SENSOR 4 4.40366436867 -0.207538050635
SENSOR 5 1.16390794802 0.105574810602
SENSOR 6 1.91500165921 -2.75808083418
SENSOR 7 4.9884912453 -1.38750826174
ODOMETRY -0.00039559441333 0.0998844100613 0.000247750591782
SENSOR 4 4.25373740379 -0.287104291259
SENSOR 5 1.14498779254 0.138157962371
SENSOR 6 2.08262445509 -2.84134131787
SENSOR 7 4.74473247196 -1.34675543751
ODOMETRY 0.000304045008169 0.100124189885 0.000370984282293
SENSOR 4 4.24345514526 -0.259387856394
SENSOR 5 1.28687702905 0.0563131686251
SENSOR 6 1.99054927406 -2.79606136325
SENSOR 7 5.06461612788 -1.39025678468
ODOMETRY 0.000135353067417 0.099871045641 -0.000688930042826
SENSOR 4 4.06885024217 -0.310024220216
SENSOR 5 0.780524492047 0.171865484151
SENSOR 6 2.14743717537 -2.82397154326
SENSOR 7 5.04317237649 -1.46172569638
ODOMETRY 0.000550129410894 0.0999595532056 0.000899321211556
SENSOR 4 4.02598075667 -0.23211717482
SENSOR 5 1.00668695661 0.258935069206
SENSOR 6 2.09953723441 -2.88981508013
SENSOR 7 4.92616135624 -1.34841588577
ODOMETRY 0.00011333848334 0.0998874542565 -0.000142456750688
SENSOR 4 3.97859771183 -0.257296829015
SENSOR 5 0.826442390807 0.197320144559
SENSOR 6 2.38645363163 -2.90520245438
SENSOR 7 4.93137454093 -1.57265383258
ODOMETRY 5.78394246211e-05 0.100125135053 0.000240023615045
SENSOR 4 3.70060113181 -0.232496318649
SENSOR 5 0.916297071665 0.230808506166
SENSOR 6 2.47063043553 -2.85832833989
SENSOR 7 4.77388144715 -1.45044187904
ODOMETRY -0.000303322173765 0.100203463608 -0.00103414710308
SENSOR 4 3.67121051696 -0.359263558606
SENSOR 5 0.717528270956 0.18305955549
SENSOR 6 2.5231512541 -2.92879027076
SENSOR 7 4.93763650354 -1.5366821593
ODOMETRY 0.00067163545958 0.0999064630853 -0.000491749170157
SENSOR 4 3.54100883945 -0.220213188276
SENSOR 5 0.452241493672 0.316302668544
SENSOR 6 2.67788490944 -2.90516625865
SENSOR 7 4.91576884302 -1.55853440447
ODOMETRY -0.000106363934181 0.100131215024 -0.000776331770839
SENSOR 4 3.41885013066 -0.346875293222
SENSOR 5 0.374476654477 0.422673685015
SENSOR 6 2.78995411381 -2.83691724954
SENSOR 7 4.80780672203 -1.53128205751
ODOMETRY 0.000316952956093 0.0999462125922 -0.000178764060766
SENSOR 4 3.37948916755 -0.286028446514
SENSOR 5 0.25665159514 0.477782632584
SENSOR 6 2.90528360346 -2.89416500445
SENSOR 7 4.93539435888 -1.52547772455
ODOMETRY -2.07939720513e-05 0.100122102303 -0.000195061086875
SENSOR 4 3.38872127996 -0.314370065917
SENSOR 5 0.332532074068 0.608493459068
SENSOR 6 2.75387288617 -2.96155382405
SENSOR 7 4.89063134827 -1.5161681243
ODOMETRY -0.000495508180249 0.10007560112 0.000137162280903
SENSOR 4 3.1992772074 -0.316281335622
SENSOR 5 0.129653118725 0.958103549726
SENSOR 6 3.00989029949 -2.93613664496
SENSOR 7 4.73356695162 -1.61977624015
ODOMETRY 0.000724634504927 0.100039324539 0.000216578126431
SENSOR 4 3.10488680963 -0.287348533846
SENSOR 5 0.0645474580507 1.5615895684
SENSOR 6 3.23540580148 -2.90938792511
SENSOR 7 4.67799499538 -1.65235180556
ODOMETRY -0.000181156750417 0.0999315219089 0.000876123299784
SENSOR 4 3.00954777061 -0.320736030425
SENSOR 5 0.20590767557 2.21975066682
SENSOR 6 3.18326393745 -2.85168745514
SENSOR 7 4.69838775924 -1.6804676666
ODOMETRY 0.000171710868549 0.100018657621 0.000193977144319
SENSOR 4 2.96561277764 -0.31216237352
SENSOR 5 0.29882088085 2.47468659857
SENSOR 6 3.26509137589 -2.96485541246
SENSOR 7 5.06363105596 -1.6487264366
ODOMETRY -0.000684251541857 0.100150645616 0.000118400053298
SENSOR 4 2.86137059769 -0.338451765136
SENSOR 5 0.227212286102 2.73029739558
SENSOR 6 3.33489592659 -2.92160203181
SENSOR 7 4.88469478152 -1.64269899719
ODOMETRY 0.000697348585417 0.100005922764 -6.22159258951e-05
SENSOR 4 2.73495457997 -0.434419901178
SENSOR 5 0.200347245098 2.86517783188
SENSOR 6 3.47366071339 -2.97589993187
SENSOR 7 4.8763619478 -1.68728860363
ODOMETRY 1.85283967375e-05 0.0999730467363 0.000286913802454
SENSOR 4 2.81784820844 -0.405163580909
SENSOR 5 0.478066851816 2.8451874821
SENSOR 6 3.64272780326 -2.98567400594
SENSOR 7 4.88123995926 -1.73675263686
ODOMETRY 0.000292639396655 0.0999875790373 -0.000418810751008
SENSOR 4 2.31233203541 -0.386064248552
SENSOR 5 0.639683662235 2.93369993458
SENSOR 6 3.90991773111 -2.90153564526
SENSOR 7 5.06381496171 -1.75626553574
ODOMETRY 0.0010527908879 0.0998973584515 0.000466241005796
SENSOR 4 2.45383165959 -0.33947060716
SENSOR 5 0.772126313334 2.92260186325
SENSOR 6 3.82392192265 -2.91509291808
SENSOR 7 5.08331426752 -1.71126995927
ODOMETRY 0.000782876570292 0.100092310567 0.000186901434386
SENSOR 4 2.33640160755 -0.435984969448
SENSOR 5 0.907849503848 2.99132685384
SENSOR 6 3.86232783322 -2.94855808728
SENSOR 7 4.86974690099 -1.82462121212
ODOMETRY -3.67278081275e-05 0.100125204488 -0.000301291819367
SENSOR 4 2.26431542232 -0.440275614887
SENSOR 5 0.922936073679 2.98344539661
SENSOR 6 4.05231068719 -2.93727143117
SENSOR 7 4.99465180645 -1.7890560718
ODOMETRY 0.000102117987728 0.0998965996482 0.000926738352303
SENSOR 4 2.15031293772 -0.483665338284
SENSOR 5 0.981766412384 2.99492791218
SENSOR 6 4.22804585929 -3.00521446644
ODOMETRY -0.000260339251082 0.09996121689 -0.000214761713609
SENSOR 8 5.12968279791 -1.39852376305
SENSOR 4 2.20683663545 -0.553664001533
SENSOR 5 1.05449087195 3.01869259964
SENSOR 6 4.10144283301 -3.00510060585
ODOMETRY 0.000310232412128 0.100047343374 0.00013881380567
SENSOR 8 5.23219800067 -1.56694419562
SENSOR 4 1.88545973583 -0.529354659935
SENSOR 5 1.40854874557 3.0348496396
SENSOR 6 4.29736437359 -2.88172697322
ODOMETRY -0.00072593415547 0.100022175215 0.00072597461063
SENSOR 8 4.98199511489 -1.53395145635
SENSOR 4 1.87983170451 -0.546831659569
SENSOR 5 1.43834193312 3.07607486513
SENSOR 6 4.54494577001 -2.99389059399
ODOMETRY 0.000225450283581 0.0997694810901 -5.61008316058e-05
SENSOR 8 5.05242390722 -1.43548824946
SENSOR 4 1.84900078023 -0.528067931284
SENSOR 5 1.37609096616 2.98655597925
SENSOR 6 4.49128632947 -2.98044353396
ODOMETRY 0.000101198113283 0.0999981235912 -4.7209298307e-05
SENSOR 8 5.07021755213 -1.48707925615
SENSOR 4 1.86662535941 -0.570296099604
SENSOR 5 1.5868425273 3.07858586507
SENSOR 6 4.68364740813 -3.06045165242
ODOMETRY -0.000574466554245 0.0998742087782 -0.000878434277154
SENSOR 8 5.05641002495 -1.53730746985
SENSOR 4 1.74923957301 -0.685872633002
SENSOR 5 1.60207450117 3.10300519795
SENSOR 6 4.6381422723 -2.95333804698
ODOMETRY 0.00135162831785 0.0999408525831 -0.000554427504747
SENSOR 8 4.94027722297 -1.46879866702
SENSOR 4 1.44741636785 -0.76541730977
SENSOR 5 1.66163862643 3.07068466281
SENSOR 6 4.82796675097 -2.98702515018
ODOMETRY 0.00043491090325 0.0999446239968 -0.000263683977044
SENSOR 8 5.1018135252 -1.59940901908
SENSOR 4 1.51530820315 -0.71455521688
SENSOR 5 1.78931544302 3.04315581346
SENSOR 6 4.97854170327 -2.96648943321
ODOMETRY 0.000616830998401 0.0998266930318 0.000964486883242
SENSOR 8 4.94351388093 -1.63249566909
SENSOR 4 1.48503662558 -0.764575819822
SENSOR 5 1.91720721602 3.01407134972
ODOMETRY -7.47834754553e-05 0.10005152948 -0.000135253826347
SENSOR 8 5.15638853576 -1.63217710403
SENSOR 4 1.3872793233 -0.856790800573
SENSOR 5 2.08837682234 3.00358885759
ODOMETRY -0.000109614573342 0.10007645837 -0.000376493164148
SENSOR 8 5.03395957508 -1.59027452507
SENSOR 4 1.24531396813 -0.924800355929
SENSOR 5 2.07726231714 3.13848881332
ODOMETRY 0.000327577973641 0.0999265942193 7.35720456139e-05
SENSOR 8 4.91006863938 -1.71892008089
SENSOR 4 1.21765963925 -0.914106158563
SENSOR 5 2.27796331019 3.09921881076
ODOMETRY 0.000448956586504 0.100146593526 -0.000267874284959
SENSOR 4 1.18729640993 -1.03281989213
SENSOR 5 2.40553932368 3.06260898585
ODOMETRY 0.000364333900436 0.100042412335 0.000112616966511
SENSOR 4 0.962487878867 -1.03867402142
SENSOR 5 2.28555150352 3.06171013537
ODOMETRY 0.000368066330826 0.100022366618 0.00023929206126
SENSOR 4 1.07880513465 -1.11562917546
SENSOR 5 2.59372439374 3.07204371414
ODOMETRY 0.000134310094609 0.0999762933611 0.000910406267982
SENSOR 4 1.04815244253 -1.21233918737
SENSOR 5 2.54250496134 3.12026780626
ODOMETRY 0.000106553968324 0.100079055664 0.000272581389262
SENSOR 4 0.97562313333 -1.40155668164
SENSOR 5 2.95348043841 3.02681154418
ODOMETRY 8.90313358973e-06 0.0998439665323 -0.000199443889004
SENSOR 4 1.02220044235 -1.470740023
SENSOR 5 2.79028518998 3.1529719566
ODOMETRY -0.000209696228507 0.100059995887 -0.000481055950774
SENSOR 4 1.07446013662 -1.49489641093
SENSOR 5 2.99344402693 3.12704012144
ODOMETRY -8.62193789539e-06 0.100205535972 0.000468519458321
SENSOR 4 0.936884440688 -1.60591872884
SENSOR 5 3.09908580134 3.0904920672
ODOMETRY -0.000228390128778 0.100038916112 0.000405611814823
SENSOR 4 1.02462887977 -1.72789304661
SENSOR 5 3.15927776427 3.07432136984
ODOMETRY 0.000157493628376 0.100151729185 -0.000630660351071
SENSOR 4 1.00807783209 -1.84470229639
SENSOR 5 3.26727619322 3.03202662574
ODOMETRY 0.000415366316148 0.0994071562896 -0.202670093089
SENSOR 4 1.15335413171 -1.74486044175
SENSOR 5 3.27573305871 -3.02303223558
ODOMETRY -0.000384340710836 0.100284572212 -0.199380542617
SENSOR 4 0.912493397826 -1.58205884444
SENSOR 5 3.4548961215 -2.76383737173
ODOMETRY -0.000626021564848 0.0997842541426 -0.199986533528
SENSOR 4 1.11241333339 -1.59815207296
SENSOR 5 3.47952304133 -2.68858166613
ODOMETRY -0.000270643305149 0.0996069282748 -0.2001857818
SENSOR 4 1.09532447359 -1.39862842258
SENSOR 5 3.43743227134 -2.54745504304
ODOMETRY 0.000503457700048 0.100329085447 -0.201503701253
SENSOR 4 1.20844578904 -1.23064993178
SENSOR 5 3.58203079765 -2.18290897797
ODOMETRY -0.000390954580656 0.100245144635 -0.200611411639
SENSOR 4 0.964192530012 -1.11811285272
SENSOR 5 3.64494917133 -1.98194909946
ODOMETRY -0.000443695227436 0.0997546899807 -0.199742226066
SENSOR 4 0.992605826907 -1.04953523469
SENSOR 5 3.71353688329 -1.85434331296
ODOMETRY 0.000207410515376 0.100315915326 -0.201497363019
SENSOR 8 4.9911168032 -0.422967287014
SENSOR 4 0.959336990683 -0.821851620868
SENSOR 5 3.7294466362 -1.68752203332
ODOMETRY 8.44508955799e-05 0.100054545111 -0.050990340232
SENSOR 8 5.17301399909 -0.349987814311
SENSOR 4 0.931930357012 -0.990161229773
SENSOR 5 3.77552096892 -1.74956409311
ODOMETRY -0.000132452762855 0.100049665888 0.000556141753972
SENSOR 8 4.71099706651 -0.399904787008
SENSOR 4 0.793915492286 -1.04467897242
SENSOR 5 3.9013197055 -1.75391075566
ODOMETRY 0.000197078807958 0.100134828072 -0.000265957634129
SENSOR 8 4.69055407803 -0.312200414461
SENSOR 4 0.711984335408 -1.19736963669
SENSOR 5 3.89150044227 -1.7367871283
ODOMETRY 0.000932864233919 0.0998661869281 0.000148973152599
SENSOR 8 4.45773820671 -0.402081642401
SENSOR 4 0.818078080847 -1.2587201564
SENSOR 5 4.01913263456 -1.74088054871
ODOMETRY 0.000455194231868 0.100100023243 8.82878508794e-05
SENSOR 8 4.51492616293 -0.354437177593
SENSOR 4 0.757424557627 -1.44628198782
SENSOR 5 3.89260387992 -1.69422619249
ODOMETRY 0.000330622341493 0.100117090007 -0.000404353310377
SENSOR 8 4.45470540465 -0.339637139314
SENSOR 4 0.750152513163 -1.56903964246
SENSOR 5 3.84583845637 -1.80410620838
ODOMETRY -0.000116878691176 0.100100106002 -0.000108973383125
SENSOR 8 4.25624307408 -0.413695701841
SENSOR 4 0.738027562713 -1.59927658943
SENSOR 5 3.93748305341 -1.88871204546
ODOMETRY -5.1224046825e-06 0.0999194564686 0.000207857768532
SENSOR 8 4.26982653288 -0.379751077043
SENSOR 4 0.707163006565 -1.78572365488
SENSOR 5 4.00718811877 -1.80835149276
ODOMETRY -0.000324509428279 0.099977694513 -0.00049073247124
SENSOR 8 4.19456276528 -0.45241609714
SENSOR 4 0.89144210324 -1.96344776931
SENSOR 5 4.37312586755 -1.92351257161
ODOMETRY 0.000289472390484 0.10014044268 -1.8780352502e-05
SENSOR 8 4.04847948822 -0.486357701734
SENSOR 4 0.826273718715 -2.11036156842
SENSOR 5 4.06072807792 -1.92432524601
ODOMETRY -0.000543908866947 0.100070511013 3.20849295652e-05
SENSOR 8 3.86524176763 -0.485506114875
SENSOR 4 0.825877905672 -2.16373621991
SENSOR 5 3.93810139512 -1.93006630648
ODOMETRY 0.000659470973113 0.10000925508 0.000498147326624
SENSOR 8 3.8872249112 -0.46913990058
SENSOR 4 0.903108751895 -2.25422729778
SENSOR 5 4.19218416199 -1.90636841088
ODOMETRY 3.70117017228e-05 0.099998471142 -0.000563976256253
SENSOR 8 3.75389992929 -0.408066242084
SENSOR 4 1.08127551206 -2.26108381231
SENSOR 5 4.15157437608 -2.06756970553
ODOMETRY 0.000277470392312 0.0999992097934 -0.000449135762155
SENSOR 8 3.78543976611 -0.571451064321
SENSOR 4 1.12986050253 -2.36725787487
SENSOR 5 4.16194818314 -2.06431264472
SENSOR 7 4.92292830411 -0.831244278801
ODOMETRY 0.000588940037304 0.0999981838324 -0.000575146392178
SENSOR 8 3.44437872934 -0.5498810454
SENSOR 4 1.19910464053 -2.41066220062
SENSOR 5 4.24674977672 -2.04640500363
SENSOR 7 4.96921894062 -0.827979616583
ODOMETRY -0.000361123356168 0.100012235198 0.000769175822195
SENSOR 8 3.39749189675 -0.483330018787
SENSOR 4 1.10182686997 -2.41037880577
SENSOR 5 4.34456165703 -2.02656128646
SENSOR 7 4.96279318908 -0.879310769458
ODOMETRY 0.000192517548612 0.100161285317 -0.000150636447669
SENSOR 8 3.40776249517 -0.558938121517
SENSOR 4 1.46047374646 -2.50620056746
SENSOR 5 4.23064025889 -2.02712348343
SENSOR 7 4.81862229409 -0.906800301101
ODOMETRY 0.000751206719787 0.0998206991643 0.000115194519114
SENSOR 8 3.30681382215 -0.589065633634
SENSOR 4 1.42209856364 -2.63714546838
SENSOR 5 4.17572606476 -2.02370169147
SENSOR 7 4.89211764152 -0.885408250576
ODOMETRY 0.000601886750965 0.100010352134 0.000341279054081
SENSOR 8 3.21415033554 -0.505226475664
SENSOR 4 1.60505069024 -2.5973423988
SENSOR 5 4.48550961833 -2.05049748606
SENSOR 7 4.64097081175 -0.982214723476
ODOMETRY -0.00031568125072 0.0999936277081 0.00044302205768
SENSOR 8 3.14308474321 -0.551328691924
SENSOR 4 1.46694815364 -2.68811661776
SENSOR 5 4.44764386592 -2.05728778227
SENSOR 7 4.69284206858 -1.02103208012
ODOMETRY -0.000365767346675 0.100014132007 0.000529764561759
SENSOR 8 3.10712734547 -0.621344077965
SENSOR 4 1.56060349597 -2.58200852986
SENSOR 5 4.44735215595 -2.20148748916
SENSOR 7 4.6646157477 -0.928472099446
ODOMETRY 0.00117343439154 0.100078762673 0.000160265430805
SENSOR 8 3.02538754961 -0.576795812336
SENSOR 4 1.65226034031 -2.64891169521
SENSOR 5 4.63893267191 -2.09823303629
SENSOR 7 4.40854807558 -1.16547842114
ODOMETRY -5.64479149755e-05 0.100097526458 0.000163818624108
SENSOR 8 2.85349710744 -0.695815255782
SENSOR 4 1.83763477908 -2.68786916168
SENSOR 5 4.45247184384 -2.123121611
SENSOR 7 4.34266213551 -0.958295327263
ODOMETRY 0.000245864674798 0.0998876481796 0.000774636231662
SENSOR 8 2.7617739594 -0.694242612313
SENSOR 4 2.05916090364 -2.67267554172
SENSOR 5 4.50475861132 -2.220319743
SENSOR 7 4.43133368122 -1.03640940296
ODOMETRY 0.0012057027366 0.100026215996 0.000133250981059
SENSOR 8 2.73464432872 -0.663408156569
SENSOR 4 2.03808069072 -2.77035114683
SENSOR 5 4.67663740393 -2.19455556499
SENSOR 7 4.40891255162 -1.11576550855
ODOMETRY 0.000313996446398 0.0999503497612 -0.000652448948525
SENSOR 8 2.77166082091 -0.672619798816
SENSOR 4 2.05961684064 -2.79932050582
SENSOR 5 4.81514095486 -2.19412660568
SENSOR 7 4.27557058918 -1.0398611771
ODOMETRY 0.000219315102913 0.100131470986 0.000135427065927
SENSOR 8 2.4945991057 -0.689897349469
SENSOR 1 4.97847001645 0.0114194925312
SENSOR 4 2.24841541933 -2.708366169
SENSOR 5 4.72561516706 -2.26074096581
SENSOR 7 4.31629897662 -1.04130069499
ODOMETRY 0.000156648550083 0.0999242764546 0.000998419701665
SENSOR 8 2.55448291307 -0.682849980197
SENSOR 1 4.9182783206 0.0571298083128
SENSOR 4 2.17852997565 -2.77781895662
SENSOR 5 4.95003779648 -2.21558887892
SENSOR 7 4.02153356312 -1.03460190021
ODOMETRY 0.0003254916828 0.100056653382 0.000962923466809
SENSOR 8 2.30694628891 -0.702480782742
SENSOR 1 4.70526308952 0.106204355052
SENSOR 4 2.2673192053 -2.82789773525
SENSOR 5 4.88120983679 -2.35583539289
SENSOR 7 3.9570717829 -1.06900562796
ODOMETRY 0.000245033781906 0.0998983575684 -0.00116233071928
SENSOR 8 2.3013245239 -0.795153685921
SENSOR 1 4.47639523293 0.0727025667799
SENSOR 4 2.39745543139 -2.83487818039
SENSOR 7 4.28267879081 -1.16262261617
ODOMETRY 2.48476577409e-05 0.0998455139141 -0.000104379563377
SENSOR 8 2.42049851783 -0.856475516211
SENSOR 1 4.45662854465 0.0194536437476
SENSOR 4 2.56364841209 -2.83196456014
SENSOR 7 4.01651595853 -1.16467005286
ODOMETRY -0.000177916271995 0.100009455381 -0.00024779429026
SENSOR 8 2.2314059837 -0.841745367537
SENSOR 1 4.62086636862 0.0902664141835
SENSOR 4 2.54339121848 -2.77714988111
SENSOR 7 4.08343565009 -1.16070082065
ODOMETRY -0.00042188475675 0.100088495656 -5.12744732943e-05
SENSOR 8 2.02222439516 -0.939935538274
SENSOR 1 4.24281240453 0.00409150052491
SENSOR 4 2.77676662115 -2.88158446193
SENSOR 7 3.89541821233 -1.15194947889
ODOMETRY -0.000282178209405 0.0999207228393 0.000369996034945
SENSOR 8 2.0451183859 -0.996607734304
SENSOR 1 4.36233925788 0.0513945694873
SENSOR 4 2.96949993855 -2.80877629104
SENSOR 7 3.88280648947 -1.14346996109
ODOMETRY 0.000519777917416 0.100156633742 -0.000143434474728
SENSOR 8 1.96117326925 -0.925358899886
SENSOR 1 4.21109591216 0.0325158175366
SENSOR 4 2.97629083734 -2.86552363564
SENSOR 7 3.81553546106 -1.17951800676
ODOMETRY -0.000329779310801 0.0999403865724 0.000119518008824
SENSOR 8 1.92686982153 -1.05112652987
SENSOR 1 4.0531475966 0.134220569929
SENSOR 4 3.16076950204 -2.80839131469
SENSOR 7 4.0124836069 -1.34033653249
ODOMETRY 0.00113587156296 0.0999791866988 -0.000192677094287
SENSOR 8 2.02680654168 -1.01471643156
SENSOR 1 4.02398739522 0.0401269526176
SENSOR 4 3.22062938991 -2.86094195101
SENSOR 7 3.66747960181 -1.28229376309
ODOMETRY -0.000100000659863 0.100069626772 -0.00121067790272
SENSOR 8 1.67772888345 -1.10968238037
SENSOR 1 4.01773876867 0.142641880222
SENSOR 4 3.26802956696 -2.94392555132
SENSOR 7 3.9224189402 -1.3208103285
ODOMETRY 0.00174497243948 0.0999033345927 -0.000559351430811
SENSOR 8 1.76413223891 -1.21764161794
SENSOR 1 3.87942068647 0.0826268714635
SENSOR 4 3.39011925156 -2.90032448913
SENSOR 7 3.99762453699 -1.37014738759
ODOMETRY 0.000771512814107 0.100089102334 -0.000344196837306
SENSOR 8 1.81280150017 -1.17226105662
SENSOR 1 3.59784912923 0.139240259327
SENSOR 4 3.24495190648 -2.85797942006
SENSOR 7 3.71090191379 -1.38128595782
ODOMETRY 3.75930771858e-05 0.0998757503192 -0.19985558431
SENSOR 8 1.83254684492 -1.0487551192
SENSOR 1 3.5206701061 0.297104028489
SENSOR 4 3.47435569458 -2.73373213189
SENSOR 7 3.73293663917 -1.26733767713
ODOMETRY 0.00057670339218 0.100122147415 -0.202025134073
SENSOR 8 1.75622388633 -0.883248552629
SENSOR 1 3.3955773511 0.614762202921
SENSOR 4 3.57031493764 -2.45104820197
SENSOR 7 3.68352925864 -1.0461466827
ODOMETRY 0.00168306028128 0.0997786141003 -0.204090077934
SENSOR 8 1.69147758296 -0.752507408417
SENSOR 1 3.29542259127 0.802259046211
SENSOR 4 3.56319530912 -2.31375367744
SENSOR 7 3.66631784208 -0.769561901339
ODOMETRY -0.00034968881505 0.100241617002 -0.200688983169
SENSOR 8 1.70641784605 -0.51495265179
SENSOR 1 3.08737540354 0.977205595525
SENSOR 4 3.85408935752 -2.17232149556
SENSOR 7 3.49240225656 -0.704621327874
ODOMETRY -0.000753745822095 0.100496345201 -0.201291559889
SENSOR 8 1.60379923471 -0.407642115767
SENSOR 1 3.03074258411 1.17245217461
SENSOR 4 3.96086527318 -1.91813364091
SENSOR 7 3.49343729422 -0.40467838736
ODOMETRY 6.35043601943e-05 0.0997901604997 -0.198643827508
SENSOR 8 1.39392157654 -0.252464717694
SENSOR 1 3.14604277841 1.40509003949
SENSOR 4 3.84720943391 -1.82854817395
SENSOR 7 3.45954849663 -0.29908561437
ODOMETRY 0.000827145068966 0.100464840434 -0.197751091614
SENSOR 8 1.42326753141 -0.0682389591202
SENSOR 1 3.24167393363 1.60564033421
SENSOR 4 3.9146797548 -1.67174335523
SENSOR 7 3.29565418936 -0.0641056700674
ODOMETRY -5.16772437211e-05 0.100033110399 -0.151278688889
SENSOR 8 1.30417948956 0.135809489601
SENSOR 1 3.25240543956 1.81487620653
SENSOR 4 3.84221436182 -1.44558307258
SENSOR 7 3.33849561264 0.00880881080531
ODOMETRY -2.54159132878e-05 0.0995942836788 0.000374340863483
SENSOR 8 1.10087774412 0.0208501605912
SENSOR 1 3.1161826193 1.78576312302
SENSOR 4 3.92893373244 -1.61380563499
SENSOR 7 3.004965109 -0.0246990783466
ODOMETRY -0.000986815294276 0.0999664842454 0.000387852843548
SENSOR 8 0.959082348132 0.0747707205893
SENSOR 1 3.23774167055 1.89918199728
SENSOR 4 4.05132860043 -1.60665277738
SENSOR 7 3.12515528562 0.111315386429
ODOMETRY -5.55268753513e-05 0.100054461796 0.000348685873045
SENSOR 8 1.07263058894 0.0626592588276
SENSOR 1 3.27671232489 1.82606015644
SENSOR 4 3.84258445492 -1.63095158555
SENSOR 7 3.13132108872 -0.0879822631907
ODOMETRY 0.000913680612038 0.100154670152 1.5914513867e-05
SENSOR 8 0.800495428422 0.032686059997
SENSOR 1 3.33888034241 1.92383119463
SENSOR 4 4.00033299704 -1.60837055849
SENSOR 7 3.03668725957 0.0218520568484
ODOMETRY -0.000255122900746 0.0999152037542 0.000433012173546
SENSOR 8 0.763503856787 0.159451553012
SENSOR 1 3.39181035346 1.94946345825
SENSOR 4 3.85099559059 -1.60182431206
SENSOR 7 2.80713614809 0.0129818192145
ODOMETRY 0.000221601638778 0.100078571267 5.47032975432e-05
SENSOR 8 0.614242918391 0.0880436893421
SENSOR 1 3.30638363158 2.04435327932
SENSOR 4 3.9746961703 -1.72682254804
SENSOR 7 2.57116905351 0.0582569983542
ODOMETRY 0.000601881559063 0.100066716964 9.38747940094e-05
SENSOR 8 0.571412683163 0.177047286187
SENSOR 1 3.47594532975 2.09514168519
SENSOR 4 4.06689612514 -1.64703292419
SENSOR 7 2.61314936089 0.0316828787324
ODOMETRY -5.0017908051e-05 0.100086295138 -0.000260364289427
SENSOR 8 0.415060620788 0.139882832386
SENSOR 1 3.41291822382 2.07466450691
SENSOR 4 4.16972137417 -1.68144172223
SENSOR 7 2.35911966943 0.045354035929
ODOMETRY -0.000248780107755 0.100074554381 -7.66535297534e-05
SENSOR 8 0.266559968826 0.293607367787
SENSOR 1 3.49852057957 2.05467794459
SENSOR 4 3.88117350831 -1.77232436465
SENSOR 7 2.31164010595 0.0216679396177
ODOMETRY 0.000301680110554 0.0999627518109 0.000366437944826
SENSOR 8 0.307525494112 0.314968906219
SENSOR 1 3.58665276056 2.08917301626
SENSOR 4 4.22306354639 -1.7405560242
SENSOR 7 2.41383909697 0.0309030033971
ODOMETRY -0.000823122640901 0.100025561489 0.000378471108001
SENSOR 8 0.223300394566 0.414438025331
SENSOR 1 3.49939090275 2.17082757435
SENSOR 4 4.035120067 -1.75327319475
SENSOR 7 2.16414700126 0.0161385766204
ODOMETRY 6.72432500028e-05 0.0999477743034 -0.00021219166468
SENSOR 8 0.00697515234046 1.08503892568
SENSOR 1 3.71366487874 2.11863633798
SENSOR 4 3.93703840688 -1.88169079444
SENSOR 7 1.93191375436 -0.0373858945007
ODOMETRY 2.87835179297e-05 0.0999596576775 -0.000815990147563
SENSOR 8 0.0475057009083 2.20526976335
SENSOR 1 3.79407191488 2.24630751232
SENSOR 4 4.03232078829 -1.78048003166
SENSOR 7 2.14463889788 -0.0479763349661
ODOMETRY -0.000381356337624 0.100033101188 -0.000250962017608
SENSOR 8 0.235190432322 2.69856573565
SENSOR 1 3.7114287658 2.23822079421
SENSOR 3 4.84564998277 0.616498863281
SENSOR 4 3.99718553629 -1.79431189121
SENSOR 7 1.88608610708 -0.00469897942598
ODOMETRY 0.000276431084342 0.100089516268 0.000949560652643
SENSOR 8 0.248117259531 2.83334511946
SENSOR 1 3.85940087008 2.35630665527
SENSOR 3 4.77333326084 0.57923860863
SENSOR 4 3.88980113895 -1.8126743387
SENSOR 7 1.87205223777 0.0248450823717
ODOMETRY 0.000628759533345 0.0998895210735 0.000326168504292
SENSOR 8 0.161669703608 2.91055299029
SENSOR 1 3.88744006053 2.21255429657
SENSOR 3 4.70607830807 0.700891436505
SENSOR 4 4.07141002366 -1.87915543227
SENSOR 7 1.62568972265 0.01541657634
ODOMETRY -2.1618142138e-05 0.100091905355 -0.000384539806154
SENSOR 8 0.573409373297 2.92327194583
SENSOR 1 4.02572710677 2.34268143124
SENSOR 3 4.55330974686 0.739469314222
SENSOR 4 4.34361700583 -1.95939961802
SENSOR 7 1.47628119624 0.143369562376
ODOMETRY -0.000463404949042 0.100030659117 -0.000620013888696
SENSOR 8 0.61104074622 3.0329514507
SENSOR 1 3.9540811062 2.2086722467
SENSOR 3 4.46580049597 0.699083075448
SENSOR 4 4.33119789847 -1.92720538261
SENSOR 7 1.55259799087 0.0994559732327
ODOMETRY 9.43475163166e-05 0.0999564597524 -0.000218316887083
SENSOR 8 0.578754535415 2.95387928463
SENSOR 1 4.22929424026 2.29782441126
SENSOR 3 4.50343249616 0.751829917215
SENSOR 4 4.31317181516 -1.9957904102
SENSOR 7 1.5049160898 0.0543229933843
ODOMETRY 1.28207846923e-07 0.0998716670029 0.00044277745145
SENSOR 8 0.754874613246 3.05451920426
SENSOR 1 4.15407547716 2.30994242174
SENSOR 3 4.54378168998 0.777162669798
SENSOR 4 4.444163699 -1.97567339686
SENSOR 7 1.04417378717 0.105308891918
ODOMETRY -0.000212062433773 0.0998784115466 1.59841150731e-05
SENSOR 8 0.713186170058 3.10833167093
SENSOR 1 4.38535677879 2.34861546006
SENSOR 3 4.40730882182 0.798867331532
SENSOR 4 4.44433110364 -1.97603498659
SENSOR 7 1.02051870644 0.00343817511398
ODOMETRY -0.000327581973866 0.0997559022286 -0.000167444224565
SENSOR 8 0.938164565688 3.12735114955
SENSOR 1 4.22403468368 2.33670699414
SENSOR 3 4.26224767941 0.846803925837
SENSOR 4 4.28863938737 -1.99335414807
SENSOR 7 1.16508582019 0.0376798139965
ODOMETRY -0.00049391319721 0.0999695309622 0.000814037455796
SENSOR 1 4.39893403561 2.33390727024
SENSOR 3 4.10863447891 0.802744847479
SENSOR 4 4.41869069841 -1.95724104302
SENSOR 7 0.878051302501 0.115474896064
SENSOR 8 1.07097023626 3.08811316247
SENSOR 9 5.01538574879 -0.0387422961596
ODOMETRY 0.000185483268339 0.100087980318 -9.09396199257e-07
SENSOR 1 4.41184377257 2.41667959275
SENSOR 3 3.95076208899 0.83451791791
SENSOR 4 4.51022439585 -2.05994350088
SENSOR 5 5.15137328676 -1.40059776547
SENSOR 7 0.814369819846 0.0652684793579
SENSOR 8 1.06826695892 3.14020041812
SENSOR 9 4.80946727144 -0.0647567959045
ODOMETRY 0.000113558649993 0.0999857818778 0.000247445114691
SENSOR 1 4.43132104121 2.3633995494
SENSOR 3 3.98224988752 0.83689397677
SENSOR 4 4.50849710852 -2.08496502155
SENSOR 5 5.20577827229 -1.3070160523
SENSOR 7 0.734376035743 0.116579326068
SENSOR 8 1.20776454762 3.00619251465
SENSOR 9 4.80014737693 0.0993219635177
ODOMETRY -1.60143952437e-05 0.0998527741785 -0.000121050663661
SENSOR 1 4.44727907132 2.38088138709
SENSOR 3 4.02630298798 0.889921662692
SENSOR 4 4.7441526485 -2.08922104197
SENSOR 5 5.08010771956 -1.44797443583
SENSOR 7 0.627417364813 0.139288221722
SENSOR 8 1.30917249974 3.15676966217
SENSOR 9 4.63775302725 0.0710024612125
ODOMETRY -0.000247107813288 0.100025420724 -6.89242521757e-05
SENSOR 1 4.56467822677 2.36158400805
SENSOR 3 3.84223634522 0.860462710412
SENSOR 4 4.48373488101 -2.03428989422
SENSOR 5 5.12046839521 -1.51641224201
SENSOR 7 0.473622098479 0.0905206657781
SENSOR 8 1.43794121254 3.00927608851
SENSOR 9 4.48984501037 0.0342067026005
ODOMETRY -0.000257392928648 0.100101229249 0.00046724931664
SENSOR 1 4.58887098857 2.406597982
SENSOR 3 3.94408857681 0.864427581225
SENSOR 4 4.7230963427 -2.1985726453
SENSOR 5 5.04793702002 -1.52048697675
SENSOR 7 0.380629352236 0.165098147786
SENSOR 8 1.53446706884 3.10809185355
SENSOR 9 4.57694566278 0.0345145464664
ODOMETRY 5.91178134659e-05 0.0999950894508 -0.000257733069622
SENSOR 1 4.79858880278 2.32161554572
SENSOR 3 4.0514629368 0.91220028055
SENSOR 4 4.82349983022 -2.18680692241
SENSOR 5 5.10042866392 -1.6345973757
SENSOR 7 0.324036855482 0.232733450852
SENSOR 8 1.69189317257 3.15738201957
SENSOR 9 4.18095079064 0.0108501259907
ODOMETRY 0.000288953453673 0.0999861043839 0.000378110953218
SENSOR 1 4.82268789639 2.47377698554
SENSOR 3 3.82566204732 1.03431522692
SENSOR 4 4.65552212387 -2.26131323259
SENSOR 5 4.74553246888 -1.48802791107
SENSOR 7 0.302394485912 0.27442226473
SENSOR 8 1.6672653659 3.04843530092
SENSOR 9 4.36483215062 -0.0382558368972
ODOMETRY -0.000173460085865 0.0999938183503 1.79233171917e-05
SENSOR 1 4.99261279337 2.54745779709
SENSOR 3 3.67415734468 0.953466502226
SENSOR 4 4.80997462446 -2.30399709629
SENSOR 5 4.74780901911 -1.54464516744
SENSOR 7 0.174003811056 0.482552800889
SENSOR 8 1.89165640926 3.1379519363
SENSOR 9 4.19303894339 0.0776398459451
ODOMETRY 0.000704284877938 0.100157630127 0.00106603509335
SENSOR 3 3.51081433212 0.993067220505
SENSOR 4 4.9251017442 -2.21807538438
SENSOR 5 4.9510308267 -1.51297707317
SENSOR 6 4.91718860116 -0.862938389912
SENSOR 7 -0.035065641258 0.975887269646
SENSOR 8 1.90067465521 3.14494561432
SENSOR 9 4.17155167238 0.0727897195246
